
main <./frontend/ui/data/keyboardlayouts/el_keyboard.lua:0,0> (422 instructions, 1688 bytes at 0x7f806fc06900)
0+ params, 75 slots, 0 upvalues, 54 locals, 225 constants, 0 functions
	1	[1]	GETGLOBAL	0 -1	; require
	2	[1]	LOADK    	1 -2	; "ui/data/keyboardlayouts/keypopup/en_popup"
	3	[1]	CALL     	0 2 2
	4	[2]	GETTABLE 	1 0 -3	; "com"
	5	[3]	GETTABLE 	2 0 -4	; "prd"
	6	[4]	GETTABLE 	3 0 -5	; "_at"
	7	[5]	GETTABLE 	4 0 -6	; "_eq"
	8	[7]	GETGLOBAL	5 -1	; require
	9	[7]	LOADK    	6 -7	; "ui/data/keyboardlayouts/keypopup/el_popup"
	10	[7]	CALL     	5 2 2
	11	[8]	GETTABLE 	6 5 -8	; "_A_el"
	12	[9]	GETTABLE 	7 5 -9	; "_a_el"
	13	[10]	GETTABLE 	8 5 -10	; "_B_el"
	14	[11]	GETTABLE 	9 5 -11	; "_b_el"
	15	[12]	GETTABLE 	10 5 -12	; "_C_el"
	16	[13]	GETTABLE 	11 5 -13	; "_c_el"
	17	[14]	GETTABLE 	12 5 -14	; "_D_el"
	18	[15]	GETTABLE 	13 5 -15	; "_d_el"
	19	[16]	GETTABLE 	14 5 -16	; "_E_el"
	20	[17]	GETTABLE 	15 5 -17	; "_e_el"
	21	[18]	GETTABLE 	16 5 -18	; "_F_el"
	22	[19]	GETTABLE 	17 5 -19	; "_f_el"
	23	[20]	GETTABLE 	18 5 -20	; "_G_el"
	24	[21]	GETTABLE 	19 5 -21	; "_g_el"
	25	[22]	GETTABLE 	20 5 -22	; "_H_el"
	26	[23]	GETTABLE 	21 5 -23	; "_h_el"
	27	[24]	GETTABLE 	22 5 -24	; "_I_el"
	28	[25]	GETTABLE 	23 5 -25	; "_i_el"
	29	[26]	GETTABLE 	24 5 -26	; "_J_el"
	30	[27]	GETTABLE 	25 5 -27	; "_j_el"
	31	[28]	GETTABLE 	26 5 -28	; "_K_el"
	32	[29]	GETTABLE 	27 5 -29	; "_k_el"
	33	[30]	GETTABLE 	28 5 -30	; "_L_el"
	34	[31]	GETTABLE 	29 5 -31	; "_l_el"
	35	[32]	GETTABLE 	30 5 -32	; "_M_el"
	36	[33]	GETTABLE 	31 5 -33	; "_m_el"
	37	[34]	GETTABLE 	32 5 -34	; "_N_el"
	38	[35]	GETTABLE 	33 5 -35	; "_n_el"
	39	[36]	GETTABLE 	34 5 -36	; "_O_el"
	40	[37]	GETTABLE 	35 5 -37	; "_o_el"
	41	[38]	GETTABLE 	36 5 -38	; "_P_el"
	42	[39]	GETTABLE 	37 5 -39	; "_p_el"
	43	[42]	GETTABLE 	38 5 -40	; "_R_el"
	44	[43]	GETTABLE 	39 5 -41	; "_r_el"
	45	[44]	GETTABLE 	40 5 -42	; "_S_el"
	46	[45]	GETTABLE 	41 5 -43	; "_s_el"
	47	[46]	GETTABLE 	42 5 -44	; "_T_el"
	48	[47]	GETTABLE 	43 5 -45	; "_t_el"
	49	[48]	GETTABLE 	44 5 -46	; "_U_el"
	50	[49]	GETTABLE 	45 5 -47	; "_u_el"
	51	[50]	GETTABLE 	46 5 -48	; "_V_el"
	52	[51]	GETTABLE 	47 5 -49	; "_v_el"
	53	[54]	GETTABLE 	48 5 -50	; "_X_el"
	54	[55]	GETTABLE 	49 5 -51	; "_x_el"
	55	[56]	GETTABLE 	50 5 -52	; "_Y_el"
	56	[57]	GETTABLE 	51 5 -53	; "_y_el"
	57	[58]	GETTABLE 	52 5 -54	; "_Z_el"
	58	[59]	GETTABLE 	53 5 -55	; "_z_el"
	59	[61]	NEWTABLE 	54 0 7
	60	[62]	SETTABLE 	54 -56 -57	; "min_layer" 1
	61	[63]	SETTABLE 	54 -58 -59	; "max_layer" 8
	62	[64]	NEWTABLE 	55 0 1
	63	[64]	SETTABLE 	55 -61 -62	; "\238\180\181" true
	64	[64]	SETTABLE 	54 -60 55	; "shiftmode_keys" -
	65	[65]	NEWTABLE 	55 0 2
	66	[65]	SETTABLE 	55 -64 -62	; "Sym" true
	67	[65]	SETTABLE 	55 -65 -62	; "ABC" true
	68	[65]	SETTABLE 	54 -63 55	; "symbolmode_keys" -
	69	[66]	NEWTABLE 	55 0 1
	70	[66]	SETTABLE 	55 -67 -62	; "\240\159\140\144" true
	71	[66]	SETTABLE 	54 -66 55	; "utf8mode_keys" -
	72	[67]	NEWTABLE 	55 0 1
	73	[67]	SETTABLE 	55 -69 -62	; "\195\132\195\169\195\159" true
	74	[67]	SETTABLE 	54 -68 55	; "umlautmode_keys" -
	75	[68]	NEWTABLE 	55 4 0
	76	[68]	NEWTABLE 	56 10 0
	77	[70]	NEWTABLE 	57 8 0
	78	[71]	LOADK    	58 -71	; ":"
	79	[71]	LOADK    	59 -72	; ";"
	80	[71]	LOADK    	60 -73	; "\226\128\158"
	81	[71]	LOADK    	61 -74	; "0"
	82	[71]	LOADK    	62 -75	; "\195\132"
	83	[71]	LOADK    	63 -76	; "\195\164"
	84	[71]	LOADK    	64 -77	; "1"
	85	[71]	LOADK    	65 -78	; "\194\170"
	86	[71]	SETLIST  	57 8 1	; 1
	87	[71]	NEWTABLE 	58 8 0
	88	[72]	LOADK    	59 -79	; "|"
	89	[72]	LOADK    	60 -80	; "\207\130"
	90	[72]	LOADK    	61 -81	; "!"
	91	[72]	LOADK    	62 -77	; "1"
	92	[72]	LOADK    	63 -82	; "\195\150"
	93	[72]	LOADK    	64 -83	; "\195\182"
	94	[72]	LOADK    	65 -84	; "2"
	95	[72]	LOADK    	66 -85	; "\194\186"
	96	[72]	SETLIST  	58 8 1	; 1
	97	[72]	NEWTABLE 	59 8 0
	98	[73]	MOVE     	60 14
	99	[73]	MOVE     	61 15
	100	[73]	MOVE     	62 3
	101	[73]	LOADK    	63 -84	; "2"
	102	[73]	LOADK    	64 -86	; "\206\136"
	103	[73]	LOADK    	65 -87	; "\206\173"
	104	[73]	LOADK    	66 -88	; "3"
	105	[73]	LOADK    	67 -89	; "\194\161"
	106	[73]	SETLIST  	59 8 1	; 1
	107	[73]	NEWTABLE 	60 8 0
	108	[74]	MOVE     	61 38
	109	[74]	MOVE     	62 39
	110	[74]	LOADK    	63 -90	; "#"
	111	[74]	LOADK    	64 -88	; "3"
	112	[74]	LOADK    	65 -91	; "\195\159"
	113	[74]	LOADK    	66 -91	; "\195\159"
	114	[74]	LOADK    	67 -92	; "4"
	115	[74]	LOADK    	68 -93	; "\194\191"
	116	[74]	SETLIST  	60 8 1	; 1
	117	[74]	NEWTABLE 	61 8 0
	118	[75]	MOVE     	62 42
	119	[75]	MOVE     	63 43
	120	[75]	LOADK    	64 -94	; "+"
	121	[75]	MOVE     	65 4
	122	[75]	LOADK    	66 -95	; "\195\128"
	123	[75]	LOADK    	67 -96	; "\195\160"
	124	[75]	LOADK    	68 -97	; "5"
	125	[75]	LOADK    	69 -98	; "\194\188"
	126	[75]	SETLIST  	61 8 1	; 1
	127	[75]	NEWTABLE 	62 8 0
	128	[76]	MOVE     	63 50
	129	[76]	MOVE     	64 51
	130	[76]	LOADK    	65 -99	; "\226\130\172"
	131	[76]	LOADK    	66 -100	; "("
	132	[76]	LOADK    	67 -101	; "\206\142"
	133	[76]	LOADK    	68 -102	; "\207\141"
	134	[76]	LOADK    	69 -103	; "6"
	135	[76]	LOADK    	70 -104	; "\194\189"
	136	[76]	SETLIST  	62 8 1	; 1
	137	[76]	NEWTABLE 	63 8 0
	138	[77]	MOVE     	64 44
	139	[77]	MOVE     	65 45
	140	[77]	LOADK    	66 -105	; "\226\128\176"
	141	[77]	LOADK    	67 -106	; ")"
	142	[77]	LOADK    	68 -107	; "\195\134"
	143	[77]	LOADK    	69 -108	; "\195\166"
	144	[77]	LOADK    	70 -109	; "7"
	145	[77]	LOADK    	71 -110	; "\194\190"
	146	[77]	SETLIST  	63 8 1	; 1
	147	[77]	NEWTABLE 	64 8 0
	148	[78]	MOVE     	65 22
	149	[78]	MOVE     	66 23
	150	[78]	LOADK    	67 -79	; "|"
	151	[78]	LOADK    	68 -111	; "\\"
	152	[78]	LOADK    	69 -112	; "\206\138"
	153	[78]	LOADK    	70 -113	; "\206\175"
	154	[78]	LOADK    	71 -114	; "8"
	155	[78]	LOADK    	72 -115	; "\194\169"
	156	[78]	SETLIST  	64 8 1	; 1
	157	[78]	NEWTABLE 	65 8 0
	158	[79]	MOVE     	66 34
	159	[79]	MOVE     	67 35
	160	[79]	LOADK    	68 -116	; "?"
	161	[79]	LOADK    	69 -117	; "/"
	162	[79]	LOADK    	70 -118	; "\206\140"
	163	[79]	LOADK    	71 -119	; "\207\140"
	164	[79]	LOADK    	72 -120	; "9"
	165	[79]	LOADK    	73 -121	; "\194\174"
	166	[79]	SETLIST  	65 8 1	; 1
	167	[79]	NEWTABLE 	66 8 0
	168	[80]	MOVE     	67 36
	169	[80]	MOVE     	68 37
	170	[80]	LOADK    	69 -122	; "~"
	171	[80]	LOADK    	70 -123	; "`"
	172	[80]	LOADK    	71 -124	; "\195\137"
	173	[80]	LOADK    	72 -125	; "\195\169"
	174	[80]	LOADK    	73 -74	; "0"
	175	[80]	LOADK    	74 -126	; "\226\132\162"
	176	[80]	SETLIST  	66 8 1	; 1
	177	[81]	SETLIST  	56 10 1	; 1
	178	[81]	NEWTABLE 	57 9 0
	179	[83]	NEWTABLE 	58 8 0
	180	[84]	MOVE     	59 6
	181	[84]	MOVE     	60 7
	182	[84]	LOADK    	61 -127	; "\226\128\166"
	183	[84]	MOVE     	62 3
	184	[84]	LOADK    	63 -128	; "\206\134"
	185	[84]	LOADK    	64 -129	; "\206\172"
	186	[84]	LOADK    	65 -130	; "\197\158"
	187	[84]	LOADK    	66 -131	; "\197\159"
	188	[84]	SETLIST  	58 8 1	; 1
	189	[84]	NEWTABLE 	59 8 0
	190	[85]	MOVE     	60 40
	191	[85]	MOVE     	61 41
	192	[85]	LOADK    	62 -132	; "$"
	193	[85]	LOADK    	63 -92	; "4"
	194	[85]	LOADK    	64 -133	; "\195\139"
	195	[85]	LOADK    	65 -134	; "\195\171"
	196	[85]	LOADK    	66 -135	; "\196\176"
	197	[85]	LOADK    	67 -136	; "\196\177"
	198	[85]	SETLIST  	59 8 1	; 1
	199	[85]	NEWTABLE 	60 8 0
	200	[86]	MOVE     	61 12
	201	[86]	MOVE     	62 13
	202	[86]	LOADK    	63 -137	; "%"
	203	[86]	LOADK    	64 -97	; "5"
	204	[86]	LOADK    	65 -138	; "\195\142"
	205	[86]	LOADK    	66 -139	; "\195\174"
	206	[86]	LOADK    	67 -140	; "\196\158"
	207	[86]	LOADK    	68 -141	; "\196\159"
	208	[86]	SETLIST  	60 8 1	; 1
	209	[86]	NEWTABLE 	61 8 0
	210	[87]	MOVE     	62 16
	211	[87]	MOVE     	63 17
	212	[87]	LOADK    	64 -142	; "^"
	213	[87]	LOADK    	65 -103	; "6"
	214	[87]	LOADK    	66 -143	; "\195\143"
	215	[87]	LOADK    	67 -144	; "\195\175"
	216	[87]	LOADK    	68 -145	; "\196\134"
	217	[87]	LOADK    	69 -146	; "\196\135"
	218	[87]	SETLIST  	61 8 1	; 1
	219	[87]	NEWTABLE 	62 8 0
	220	[88]	MOVE     	63 18
	221	[88]	MOVE     	64 19
	222	[88]	LOADK    	65 -71	; ":"
	223	[88]	LOADK    	66 -72	; ";"
	224	[88]	LOADK    	67 -147	; "\195\148"
	225	[88]	LOADK    	68 -148	; "\195\180"
	226	[88]	LOADK    	69 -149	; "\196\140"
	227	[88]	LOADK    	70 -150	; "\196\141"
	228	[88]	SETLIST  	62 8 1	; 1
	229	[88]	NEWTABLE 	63 8 0
	230	[89]	MOVE     	64 20
	231	[89]	MOVE     	65 21
	232	[89]	LOADK    	66 -151	; "\""
	233	[89]	LOADK    	67 -152	; "'"
	234	[89]	LOADK    	68 -153	; "\206\137"
	235	[89]	LOADK    	69 -154	; "\206\174"
	236	[89]	LOADK    	70 -155	; "\196\144"
	237	[89]	LOADK    	71 -156	; "\196\145"
	238	[89]	SETLIST  	63 8 1	; 1
	239	[89]	NEWTABLE 	64 8 0
	240	[90]	MOVE     	65 24
	241	[90]	MOVE     	66 25
	242	[90]	LOADK    	67 -157	; "{"
	243	[90]	LOADK    	68 -158	; "["
	244	[90]	LOADK    	69 -112	; "\206\138"
	245	[90]	LOADK    	70 -113	; "\206\175"
	246	[90]	LOADK    	71 -159	; "\197\160"
	247	[90]	LOADK    	72 -160	; "\197\161"
	248	[90]	SETLIST  	64 8 1	; 1
	249	[90]	NEWTABLE 	65 8 0
	250	[91]	MOVE     	66 26
	251	[91]	MOVE     	67 27
	252	[91]	LOADK    	68 -161	; "}"
	253	[91]	LOADK    	69 -162	; "]"
	254	[91]	LOADK    	70 -163	; "\195\155"
	255	[91]	LOADK    	71 -164	; "\195\187"
	256	[91]	LOADK    	72 -165	; "\197\189"
	257	[91]	LOADK    	73 -166	; "\197\190"
	258	[91]	SETLIST  	65 8 1	; 1
	259	[91]	NEWTABLE 	66 8 0
	260	[92]	MOVE     	67 28
	261	[92]	MOVE     	68 29
	262	[92]	LOADK    	69 -167	; "_"
	263	[92]	LOADK    	70 -168	; "-"
	264	[92]	LOADK    	71 -169	; "\197\184"
	265	[92]	LOADK    	72 -170	; "\195\191"
	266	[92]	LOADK    	73 -171	; "\197\144"
	267	[92]	LOADK    	74 -172	; "\197\145"
	268	[92]	SETLIST  	66 8 1	; 1
	269	[93]	SETLIST  	57 9 1	; 1
	270	[93]	NEWTABLE 	58 9 0
	271	[95]	NEWTABLE 	59 0 2
	272	[96]	SETTABLE 	59 -173 -61	; "label" "\238\180\181"
	273	[97]	SETTABLE 	59 -174 -175	; "width" 1.5
	274	[98]	NEWTABLE 	60 8 0
	275	[99]	MOVE     	61 52
	276	[99]	MOVE     	62 53
	277	[99]	LOADK    	63 -176	; "&"
	278	[99]	LOADK    	64 -109	; "7"
	279	[99]	LOADK    	65 -177	; "\195\129"
	280	[99]	LOADK    	66 -178	; "\195\161"
	281	[99]	LOADK    	67 -179	; "\197\176"
	282	[99]	LOADK    	68 -180	; "\197\177"
	283	[99]	SETLIST  	60 8 1	; 1
	284	[99]	NEWTABLE 	61 8 0
	285	[100]	MOVE     	62 48
	286	[100]	MOVE     	63 49
	287	[100]	LOADK    	64 -181	; "*"
	288	[100]	LOADK    	65 -114	; "8"
	289	[100]	LOADK    	66 -124	; "\195\137"
	290	[100]	LOADK    	67 -125	; "\195\169"
	291	[100]	LOADK    	68 -182	; "\195\152"
	292	[100]	LOADK    	69 -183	; "\195\184"
	293	[100]	SETLIST  	61 8 1	; 1
	294	[100]	NEWTABLE 	62 8 0
	295	[101]	MOVE     	63 10
	296	[101]	MOVE     	64 11
	297	[101]	LOADK    	65 -184	; "\194\163"
	298	[101]	LOADK    	66 -120	; "9"
	299	[101]	LOADK    	67 -185	; "\195\141"
	300	[101]	LOADK    	68 -186	; "\195\173"
	301	[101]	LOADK    	69 -187	; "\195\158"
	302	[101]	LOADK    	70 -188	; "\195\190"
	303	[101]	SETLIST  	62 8 1	; 1
	304	[101]	NEWTABLE 	63 8 0
	305	[102]	MOVE     	64 46
	306	[102]	MOVE     	65 47
	307	[102]	LOADK    	66 -189	; "<"
	308	[102]	MOVE     	67 1
	309	[102]	LOADK    	68 -190	; "\206\143"
	310	[102]	LOADK    	69 -191	; "\207\142"
	311	[102]	LOADK    	70 -192	; "\195\157"
	312	[102]	LOADK    	71 -193	; "\195\189"
	313	[102]	SETLIST  	63 8 1	; 1
	314	[102]	NEWTABLE 	64 8 0
	315	[103]	MOVE     	65 8
	316	[103]	MOVE     	66 9
	317	[103]	LOADK    	67 -194	; ">"
	318	[103]	MOVE     	68 2
	319	[103]	LOADK    	69 -195	; "\195\147"
	320	[103]	LOADK    	70 -196	; "\195\179"
	321	[103]	LOADK    	71 -197	; "\226\128\160"
	322	[103]	LOADK    	72 -198	; "\226\128\161"
	323	[103]	SETLIST  	64 8 1	; 1
	324	[103]	NEWTABLE 	65 8 0
	325	[104]	MOVE     	66 32
	326	[104]	MOVE     	67 33
	327	[104]	LOADK    	68 -199	; "\226\128\152"
	328	[104]	LOADK    	69 -200	; "\226\134\145"
	329	[104]	LOADK    	70 -201	; "\195\154"
	330	[104]	LOADK    	71 -202	; "\195\186"
	331	[104]	LOADK    	72 -203	; "\226\128\147"
	332	[104]	LOADK    	73 -204	; "\226\128\148"
	333	[104]	SETLIST  	65 8 1	; 1
	334	[104]	NEWTABLE 	66 8 0
	335	[105]	MOVE     	67 30
	336	[105]	MOVE     	68 31
	337	[105]	LOADK    	69 -205	; "\226\128\153"
	338	[105]	LOADK    	70 -206	; "\226\134\147"
	339	[105]	LOADK    	71 -207	; "\195\135"
	340	[105]	LOADK    	72 -208	; "\195\167"
	341	[105]	LOADK    	73 -127	; "\226\128\166"
	342	[105]	LOADK    	74 -209	; "\194\168"
	343	[105]	SETLIST  	66 8 1	; 1
	344	[105]	NEWTABLE 	67 0 3
	345	[106]	SETTABLE 	67 -173 -210	; "label" "\238\157\173"
	346	[107]	SETTABLE 	67 -174 -175	; "width" 1.5
	347	[108]	SETTABLE 	67 -211 -212	; "bold" false
	348	[110]	SETLIST  	58 9 1	; 1
	349	[110]	NEWTABLE 	59 7 0
	350	[112]	NEWTABLE 	60 8 1
	351	[113]	LOADK    	61 -64	; "Sym"
	352	[113]	LOADK    	62 -64	; "Sym"
	353	[113]	LOADK    	63 -65	; "ABC"
	354	[113]	LOADK    	64 -65	; "ABC"
	355	[113]	LOADK    	65 -64	; "Sym"
	356	[113]	LOADK    	66 -64	; "Sym"
	357	[113]	LOADK    	67 -65	; "ABC"
	358	[113]	LOADK    	68 -65	; "ABC"
	359	[114]	SETTABLE 	60 -174 -175	; "width" 1.5
	360	[114]	SETLIST  	60 8 1	; 1
	361	[114]	NEWTABLE 	61 0 1
	362	[115]	SETTABLE 	61 -173 -67	; "label" "\240\159\140\144"
	363	[115]	NEWTABLE 	62 8 0
	364	[116]	LOADK    	63 -69	; "\195\132\195\169\195\159"
	365	[116]	LOADK    	64 -69	; "\195\132\195\169\195\159"
	366	[116]	LOADK    	65 -69	; "\195\132\195\169\195\159"
	367	[116]	LOADK    	66 -69	; "\195\132\195\169\195\159"
	368	[116]	LOADK    	67 -69	; "\195\132\195\169\195\159"
	369	[116]	LOADK    	68 -69	; "\195\132\195\169\195\159"
	370	[116]	LOADK    	69 -69	; "\195\132\195\169\195\159"
	371	[116]	LOADK    	70 -69	; "\195\132\195\169\195\159"
	372	[116]	SETLIST  	62 8 1	; 1
	373	[116]	NEWTABLE 	63 8 2
	374	[117]	SETTABLE 	63 -173 -213	; "label" "space"
	375	[118]	LOADK    	64 -214	; " "
	376	[118]	LOADK    	65 -214	; " "
	377	[118]	LOADK    	66 -214	; " "
	378	[118]	LOADK    	67 -214	; " "
	379	[118]	LOADK    	68 -214	; " "
	380	[118]	LOADK    	69 -214	; " "
	381	[118]	LOADK    	70 -214	; " "
	382	[118]	LOADK    	71 -214	; " "
	383	[119]	SETTABLE 	63 -174 -215	; "width" 3
	384	[119]	SETLIST  	63 8 1	; 1
	385	[119]	NEWTABLE 	64 8 0
	386	[120]	MOVE     	65 1
	387	[120]	MOVE     	66 1
	388	[120]	LOADK    	67 -216	; "\226\128\156"
	389	[120]	LOADK    	68 -217	; "\226\134\144"
	390	[120]	LOADK    	69 -218	; "\197\168"
	391	[120]	LOADK    	70 -219	; "\197\169"
	392	[120]	MOVE     	71 1
	393	[120]	MOVE     	72 1
	394	[120]	SETLIST  	64 8 1	; 1
	395	[120]	NEWTABLE 	65 8 0
	396	[121]	MOVE     	66 2
	397	[121]	MOVE     	67 2
	398	[121]	LOADK    	68 -220	; "\226\128\157"
	399	[121]	LOADK    	69 -221	; "\226\134\146"
	400	[121]	LOADK    	70 -222	; "\196\168"
	401	[121]	LOADK    	71 -223	; "\196\169"
	402	[121]	MOVE     	72 2
	403	[121]	MOVE     	73 2
	404	[121]	SETLIST  	65 8 1	; 1
	405	[121]	NEWTABLE 	66 8 3
	406	[122]	SETTABLE 	66 -173 -224	; "label" "\226\174\160"
	407	[123]	LOADK    	67 -225	; "\n"
	408	[123]	LOADK    	68 -225	; "\n"
	409	[123]	LOADK    	69 -225	; "\n"
	410	[123]	LOADK    	70 -225	; "\n"
	411	[123]	LOADK    	71 -225	; "\n"
	412	[123]	LOADK    	72 -225	; "\n"
	413	[123]	LOADK    	73 -225	; "\n"
	414	[123]	LOADK    	74 -225	; "\n"
	415	[124]	SETTABLE 	66 -174 -175	; "width" 1.5
	416	[125]	SETTABLE 	66 -211 -62	; "bold" true
	417	[126]	SETLIST  	66 8 1	; 1
	418	[127]	SETLIST  	59 7 1	; 1
	419	[128]	SETLIST  	55 4 1	; 1
	420	[128]	SETTABLE 	54 -70 55	; "keys" -
	421	[129]	RETURN   	54 2
	422	[129]	RETURN   	0 1
