
main <./frontend/ui/data/keyboardlayouts/en_keyboard.lua:0,0> (433 instructions, 1732 bytes at 0x7f9e34406900)
0+ params, 78 slots, 0 upvalues, 57 locals, 233 constants, 0 functions
	1	[1]	GETGLOBAL	0 -1	; require
	2	[1]	LOADK    	1 -2	; "ui/data/keyboardlayouts/keypopup/en_popup"
	3	[1]	CALL     	0 2 2
	4	[2]	GETTABLE 	1 0 -3	; "com"
	5	[3]	GETTABLE 	2 0 -4	; "prd"
	6	[4]	GETTABLE 	3 0 -5	; "_at"
	7	[5]	GETTABLE 	4 0 -6	; "_eq"
	8	[6]	GETTABLE 	5 0 -7	; "_A_"
	9	[7]	GETTABLE 	6 0 -8	; "_a_"
	10	[8]	GETTABLE 	7 0 -9	; "_B_"
	11	[9]	GETTABLE 	8 0 -10	; "_b_"
	12	[10]	GETTABLE 	9 0 -11	; "_C_"
	13	[11]	GETTABLE 	10 0 -12	; "_c_"
	14	[12]	GETTABLE 	11 0 -13	; "_D_"
	15	[13]	GETTABLE 	12 0 -14	; "_d_"
	16	[14]	GETTABLE 	13 0 -15	; "_E_"
	17	[15]	GETTABLE 	14 0 -16	; "_e_"
	18	[16]	GETTABLE 	15 0 -17	; "_F_"
	19	[17]	GETTABLE 	16 0 -18	; "_f_"
	20	[18]	GETTABLE 	17 0 -19	; "_G_"
	21	[19]	GETTABLE 	18 0 -20	; "_g_"
	22	[20]	GETTABLE 	19 0 -21	; "_H_"
	23	[21]	GETTABLE 	20 0 -22	; "_h_"
	24	[22]	GETTABLE 	21 0 -23	; "_I_"
	25	[23]	GETTABLE 	22 0 -24	; "_i_"
	26	[24]	GETTABLE 	23 0 -25	; "_J_"
	27	[25]	GETTABLE 	24 0 -26	; "_j_"
	28	[26]	GETTABLE 	25 0 -27	; "_K_"
	29	[27]	GETTABLE 	26 0 -28	; "_k_"
	30	[28]	GETTABLE 	27 0 -29	; "_L_"
	31	[29]	GETTABLE 	28 0 -30	; "_l_"
	32	[30]	GETTABLE 	29 0 -31	; "_M_"
	33	[31]	GETTABLE 	30 0 -32	; "_m_"
	34	[32]	GETTABLE 	31 0 -33	; "_N_"
	35	[33]	GETTABLE 	32 0 -34	; "_n_"
	36	[34]	GETTABLE 	33 0 -35	; "_O_"
	37	[35]	GETTABLE 	34 0 -36	; "_o_"
	38	[36]	GETTABLE 	35 0 -37	; "_P_"
	39	[37]	GETTABLE 	36 0 -38	; "_p_"
	40	[38]	GETTABLE 	37 0 -39	; "_Q_"
	41	[39]	GETTABLE 	38 0 -40	; "_q_"
	42	[40]	GETTABLE 	39 0 -41	; "_R_"
	43	[41]	GETTABLE 	40 0 -42	; "_r_"
	44	[42]	GETTABLE 	41 0 -43	; "_S_"
	45	[43]	GETTABLE 	42 0 -44	; "_s_"
	46	[44]	GETTABLE 	43 0 -45	; "_T_"
	47	[45]	GETTABLE 	44 0 -46	; "_t_"
	48	[46]	GETTABLE 	45 0 -47	; "_U_"
	49	[47]	GETTABLE 	46 0 -48	; "_u_"
	50	[48]	GETTABLE 	47 0 -49	; "_V_"
	51	[49]	GETTABLE 	48 0 -50	; "_v_"
	52	[50]	GETTABLE 	49 0 -51	; "_W_"
	53	[51]	GETTABLE 	50 0 -52	; "_w_"
	54	[52]	GETTABLE 	51 0 -53	; "_X_"
	55	[53]	GETTABLE 	52 0 -54	; "_x_"
	56	[54]	GETTABLE 	53 0 -55	; "_Y_"
	57	[55]	GETTABLE 	54 0 -56	; "_y_"
	58	[56]	GETTABLE 	55 0 -57	; "_Z_"
	59	[57]	GETTABLE 	56 0 -58	; "_z_"
	60	[59]	NEWTABLE 	57 0 7
	61	[60]	SETTABLE 	57 -59 -60	; "min_layer" 1
	62	[61]	SETTABLE 	57 -61 -62	; "max_layer" 8
	63	[62]	NEWTABLE 	58 0 3
	64	[62]	SETTABLE 	58 -64 -65	; "\238\180\181" true
	65	[62]	SETTABLE 	58 -66 -65	; "1/2" true
	66	[62]	SETTABLE 	58 -67 -65	; "2/2" true
	67	[62]	SETTABLE 	57 -63 58	; "shiftmode_keys" -
	68	[63]	NEWTABLE 	58 0 2
	69	[63]	SETTABLE 	58 -69 -65	; "Sym" true
	70	[63]	SETTABLE 	58 -70 -65	; "ABC" true
	71	[63]	SETTABLE 	57 -68 58	; "symbolmode_keys" -
	72	[64]	NEWTABLE 	58 0 1
	73	[64]	SETTABLE 	58 -72 -65	; "\240\159\140\144" true
	74	[64]	SETTABLE 	57 -71 58	; "utf8mode_keys" -
	75	[65]	NEWTABLE 	58 0 1
	76	[65]	SETTABLE 	58 -74 -65	; "\195\132\195\169\195\159" true
	77	[65]	SETTABLE 	57 -73 58	; "umlautmode_keys" -
	78	[66]	NEWTABLE 	58 4 0
	79	[66]	NEWTABLE 	59 10 0
	80	[68]	NEWTABLE 	60 8 0
	81	[69]	MOVE     	61 37
	82	[69]	MOVE     	62 38
	83	[69]	LOADK    	63 -76	; "\226\128\158"
	84	[69]	LOADK    	64 -77	; "0"
	85	[69]	LOADK    	65 -78	; "\195\133"
	86	[69]	LOADK    	66 -79	; "\195\165"
	87	[69]	LOADK    	67 -80	; "1"
	88	[69]	LOADK    	68 -81	; "\194\170"
	89	[69]	SETLIST  	60 8 1	; 1
	90	[69]	NEWTABLE 	61 8 0
	91	[70]	MOVE     	62 49
	92	[70]	MOVE     	63 50
	93	[70]	LOADK    	64 -82	; "!"
	94	[70]	LOADK    	65 -80	; "1"
	95	[70]	LOADK    	66 -83	; "\195\132"
	96	[70]	LOADK    	67 -84	; "\195\164"
	97	[70]	LOADK    	68 -85	; "2"
	98	[70]	LOADK    	69 -86	; "\194\186"
	99	[70]	SETLIST  	61 8 1	; 1
	100	[70]	NEWTABLE 	62 8 0
	101	[71]	MOVE     	63 13
	102	[71]	MOVE     	64 14
	103	[71]	MOVE     	65 3
	104	[71]	LOADK    	66 -85	; "2"
	105	[71]	LOADK    	67 -87	; "\195\150"
	106	[71]	LOADK    	68 -88	; "\195\182"
	107	[71]	LOADK    	69 -89	; "3"
	108	[71]	LOADK    	70 -90	; "\194\161"
	109	[71]	SETLIST  	62 8 1	; 1
	110	[71]	NEWTABLE 	63 8 0
	111	[72]	MOVE     	64 39
	112	[72]	MOVE     	65 40
	113	[72]	LOADK    	66 -91	; "#"
	114	[72]	LOADK    	67 -89	; "3"
	115	[72]	LOADK    	68 -92	; "\195\159"
	116	[72]	LOADK    	69 -92	; "\195\159"
	117	[72]	LOADK    	70 -93	; "4"
	118	[72]	LOADK    	71 -94	; "\194\191"
	119	[72]	SETLIST  	63 8 1	; 1
	120	[72]	NEWTABLE 	64 8 0
	121	[73]	MOVE     	65 43
	122	[73]	MOVE     	66 44
	123	[73]	LOADK    	67 -95	; "+"
	124	[73]	MOVE     	68 4
	125	[73]	LOADK    	69 -96	; "\195\128"
	126	[73]	LOADK    	70 -97	; "\195\160"
	127	[73]	LOADK    	71 -98	; "5"
	128	[73]	LOADK    	72 -99	; "\194\188"
	129	[73]	SETLIST  	64 8 1	; 1
	130	[73]	NEWTABLE 	65 8 0
	131	[74]	MOVE     	66 53
	132	[74]	MOVE     	67 54
	133	[74]	LOADK    	68 -100	; "\226\130\172"
	134	[74]	LOADK    	69 -101	; "("
	135	[74]	LOADK    	70 -102	; "\195\130"
	136	[74]	LOADK    	71 -103	; "\195\162"
	137	[74]	LOADK    	72 -104	; "6"
	138	[74]	LOADK    	73 -105	; "\194\189"
	139	[74]	SETLIST  	65 8 1	; 1
	140	[74]	NEWTABLE 	66 8 0
	141	[75]	MOVE     	67 45
	142	[75]	MOVE     	68 46
	143	[75]	LOADK    	69 -106	; "\226\128\176"
	144	[75]	LOADK    	70 -107	; ")"
	145	[75]	LOADK    	71 -108	; "\195\134"
	146	[75]	LOADK    	72 -109	; "\195\166"
	147	[75]	LOADK    	73 -110	; "7"
	148	[75]	LOADK    	74 -111	; "\194\190"
	149	[75]	SETLIST  	66 8 1	; 1
	150	[75]	NEWTABLE 	67 8 0
	151	[76]	MOVE     	68 21
	152	[76]	MOVE     	69 22
	153	[76]	LOADK    	70 -112	; "|"
	154	[76]	LOADK    	71 -113	; "\\"
	155	[76]	LOADK    	72 -114	; "\195\156"
	156	[76]	LOADK    	73 -115	; "\195\188"
	157	[76]	LOADK    	74 -116	; "8"
	158	[76]	LOADK    	75 -117	; "\194\169"
	159	[76]	SETLIST  	67 8 1	; 1
	160	[76]	NEWTABLE 	68 8 0
	161	[77]	MOVE     	69 33
	162	[77]	MOVE     	70 34
	163	[77]	LOADK    	71 -118	; "?"
	164	[77]	LOADK    	72 -119	; "/"
	165	[77]	LOADK    	73 -120	; "\195\136"
	166	[77]	LOADK    	74 -121	; "\195\168"
	167	[77]	LOADK    	75 -122	; "9"
	168	[77]	LOADK    	76 -123	; "\194\174"
	169	[77]	SETLIST  	68 8 1	; 1
	170	[77]	NEWTABLE 	69 8 0
	171	[78]	MOVE     	70 35
	172	[78]	MOVE     	71 36
	173	[78]	LOADK    	72 -124	; "~"
	174	[78]	LOADK    	73 -125	; "`"
	175	[78]	LOADK    	74 -126	; "\195\137"
	176	[78]	LOADK    	75 -127	; "\195\169"
	177	[78]	LOADK    	76 -77	; "0"
	178	[78]	LOADK    	77 -128	; "\226\132\162"
	179	[78]	SETLIST  	69 8 1	; 1
	180	[79]	SETLIST  	59 10 1	; 1
	181	[79]	NEWTABLE 	60 9 0
	182	[81]	NEWTABLE 	61 8 0
	183	[82]	MOVE     	62 5
	184	[82]	MOVE     	63 6
	185	[82]	LOADK    	64 -129	; "\226\128\166"
	186	[82]	MOVE     	65 3
	187	[82]	LOADK    	66 -130	; "\195\138"
	188	[82]	LOADK    	67 -131	; "\195\170"
	189	[82]	LOADK    	68 -132	; "\197\158"
	190	[82]	LOADK    	69 -133	; "\197\159"
	191	[82]	SETLIST  	61 8 1	; 1
	192	[82]	NEWTABLE 	62 8 0
	193	[83]	MOVE     	63 41
	194	[83]	MOVE     	64 42
	195	[83]	LOADK    	65 -134	; "$"
	196	[83]	LOADK    	66 -93	; "4"
	197	[83]	LOADK    	67 -135	; "\195\139"
	198	[83]	LOADK    	68 -136	; "\195\171"
	199	[83]	LOADK    	69 -137	; "\196\176"
	200	[83]	LOADK    	70 -138	; "\196\177"
	201	[83]	SETLIST  	62 8 1	; 1
	202	[83]	NEWTABLE 	63 8 0
	203	[84]	MOVE     	64 11
	204	[84]	MOVE     	65 12
	205	[84]	LOADK    	66 -139	; "%"
	206	[84]	LOADK    	67 -98	; "5"
	207	[84]	LOADK    	68 -140	; "\195\142"
	208	[84]	LOADK    	69 -141	; "\195\174"
	209	[84]	LOADK    	70 -142	; "\196\158"
	210	[84]	LOADK    	71 -143	; "\196\159"
	211	[84]	SETLIST  	63 8 1	; 1
	212	[84]	NEWTABLE 	64 8 0
	213	[85]	MOVE     	65 15
	214	[85]	MOVE     	66 16
	215	[85]	LOADK    	67 -144	; "^"
	216	[85]	LOADK    	68 -104	; "6"
	217	[85]	LOADK    	69 -145	; "\195\143"
	218	[85]	LOADK    	70 -146	; "\195\175"
	219	[85]	LOADK    	71 -147	; "\196\134"
	220	[85]	LOADK    	72 -148	; "\196\135"
	221	[85]	SETLIST  	64 8 1	; 1
	222	[85]	NEWTABLE 	65 8 0
	223	[86]	MOVE     	66 17
	224	[86]	MOVE     	67 18
	225	[86]	LOADK    	68 -149	; ":"
	226	[86]	LOADK    	69 -150	; ";"
	227	[86]	LOADK    	70 -151	; "\195\148"
	228	[86]	LOADK    	71 -152	; "\195\180"
	229	[86]	LOADK    	72 -153	; "\196\140"
	230	[86]	LOADK    	73 -154	; "\196\141"
	231	[86]	SETLIST  	65 8 1	; 1
	232	[86]	NEWTABLE 	66 8 0
	233	[87]	MOVE     	67 19
	234	[87]	MOVE     	68 20
	235	[87]	LOADK    	69 -155	; "\""
	236	[87]	LOADK    	70 -156	; "'"
	237	[87]	LOADK    	71 -157	; "\197\146"
	238	[87]	LOADK    	72 -158	; "\197\147"
	239	[87]	LOADK    	73 -159	; "\196\144"
	240	[87]	LOADK    	74 -160	; "\196\145"
	241	[87]	SETLIST  	66 8 1	; 1
	242	[87]	NEWTABLE 	67 8 0
	243	[88]	MOVE     	68 23
	244	[88]	MOVE     	69 24
	245	[88]	LOADK    	70 -161	; "{"
	246	[88]	LOADK    	71 -162	; "["
	247	[88]	LOADK    	72 -163	; "\195\153"
	248	[88]	LOADK    	73 -164	; "\195\185"
	249	[88]	LOADK    	74 -165	; "\197\160"
	250	[88]	LOADK    	75 -166	; "\197\161"
	251	[88]	SETLIST  	67 8 1	; 1
	252	[88]	NEWTABLE 	68 8 0
	253	[89]	MOVE     	69 25
	254	[89]	MOVE     	70 26
	255	[89]	LOADK    	71 -167	; "}"
	256	[89]	LOADK    	72 -168	; "]"
	257	[89]	LOADK    	73 -169	; "\195\155"
	258	[89]	LOADK    	74 -170	; "\195\187"
	259	[89]	LOADK    	75 -171	; "\197\189"
	260	[89]	LOADK    	76 -172	; "\197\190"
	261	[89]	SETLIST  	68 8 1	; 1
	262	[89]	NEWTABLE 	69 8 0
	263	[90]	MOVE     	70 27
	264	[90]	MOVE     	71 28
	265	[90]	LOADK    	72 -173	; "_"
	266	[90]	LOADK    	73 -174	; "-"
	267	[90]	LOADK    	74 -175	; "\197\184"
	268	[90]	LOADK    	75 -176	; "\195\191"
	269	[90]	LOADK    	76 -177	; "\197\144"
	270	[90]	LOADK    	77 -178	; "\197\145"
	271	[90]	SETLIST  	69 8 1	; 1
	272	[91]	SETLIST  	60 9 1	; 1
	273	[91]	NEWTABLE 	61 9 0
	274	[93]	NEWTABLE 	62 8 1
	275	[94]	LOADK    	63 -64	; "\238\180\181"
	276	[94]	LOADK    	64 -64	; "\238\180\181"
	277	[94]	LOADK    	65 -67	; "2/2"
	278	[94]	LOADK    	66 -66	; "1/2"
	279	[94]	LOADK    	67 -64	; "\238\180\181"
	280	[94]	LOADK    	68 -64	; "\238\180\181"
	281	[94]	LOADK    	69 -64	; "\238\180\181"
	282	[94]	LOADK    	70 -64	; "\238\180\181"
	283	[95]	SETTABLE 	62 -179 -180	; "width" 1.5
	284	[96]	SETLIST  	62 8 1	; 1
	285	[96]	NEWTABLE 	63 8 0
	286	[97]	MOVE     	64 55
	287	[97]	MOVE     	65 56
	288	[97]	LOADK    	66 -181	; "&"
	289	[97]	LOADK    	67 -110	; "7"
	290	[97]	LOADK    	68 -182	; "\195\129"
	291	[97]	LOADK    	69 -183	; "\195\161"
	292	[97]	LOADK    	70 -184	; "\197\176"
	293	[97]	LOADK    	71 -185	; "\197\177"
	294	[97]	SETLIST  	63 8 1	; 1
	295	[97]	NEWTABLE 	64 8 0
	296	[98]	MOVE     	65 51
	297	[98]	MOVE     	66 52
	298	[98]	LOADK    	67 -186	; "*"
	299	[98]	LOADK    	68 -116	; "8"
	300	[98]	LOADK    	69 -187	; "\195\152"
	301	[98]	LOADK    	70 -188	; "\195\184"
	302	[98]	LOADK    	71 -189	; "\195\131"
	303	[98]	LOADK    	72 -190	; "\195\163"
	304	[98]	SETLIST  	64 8 1	; 1
	305	[98]	NEWTABLE 	65 8 0
	306	[99]	MOVE     	66 9
	307	[99]	MOVE     	67 10
	308	[99]	LOADK    	68 -191	; "\194\163"
	309	[99]	LOADK    	69 -122	; "9"
	310	[99]	LOADK    	70 -192	; "\195\141"
	311	[99]	LOADK    	71 -193	; "\195\173"
	312	[99]	LOADK    	72 -194	; "\195\158"
	313	[99]	LOADK    	73 -195	; "\195\190"
	314	[99]	SETLIST  	65 8 1	; 1
	315	[99]	NEWTABLE 	66 8 0
	316	[100]	MOVE     	67 47
	317	[100]	MOVE     	68 48
	318	[100]	LOADK    	69 -196	; "<"
	319	[100]	MOVE     	70 1
	320	[100]	LOADK    	71 -197	; "\195\145"
	321	[100]	LOADK    	72 -198	; "\195\177"
	322	[100]	LOADK    	73 -199	; "\195\157"
	323	[100]	LOADK    	74 -200	; "\195\189"
	324	[100]	SETLIST  	66 8 1	; 1
	325	[100]	NEWTABLE 	67 8 0
	326	[101]	MOVE     	68 7
	327	[101]	MOVE     	69 8
	328	[101]	LOADK    	70 -201	; ">"
	329	[101]	MOVE     	71 2
	330	[101]	LOADK    	72 -202	; "\195\147"
	331	[101]	LOADK    	73 -203	; "\195\179"
	332	[101]	LOADK    	74 -204	; "\226\128\160"
	333	[101]	LOADK    	75 -205	; "\226\128\161"
	334	[101]	SETLIST  	67 8 1	; 1
	335	[101]	NEWTABLE 	68 8 0
	336	[102]	MOVE     	69 31
	337	[102]	MOVE     	70 32
	338	[102]	LOADK    	71 -206	; "\226\128\152"
	339	[102]	LOADK    	72 -207	; "\226\134\145"
	340	[102]	LOADK    	73 -208	; "\195\154"
	341	[102]	LOADK    	74 -209	; "\195\186"
	342	[102]	LOADK    	75 -210	; "\226\128\147"
	343	[102]	LOADK    	76 -211	; "\226\128\148"
	344	[102]	SETLIST  	68 8 1	; 1
	345	[102]	NEWTABLE 	69 8 0
	346	[103]	MOVE     	70 29
	347	[103]	MOVE     	71 30
	348	[103]	LOADK    	72 -212	; "\226\128\153"
	349	[103]	LOADK    	73 -213	; "\226\134\147"
	350	[103]	LOADK    	74 -214	; "\195\135"
	351	[103]	LOADK    	75 -215	; "\195\167"
	352	[103]	LOADK    	76 -129	; "\226\128\166"
	353	[103]	LOADK    	77 -216	; "\194\168"
	354	[103]	SETLIST  	69 8 1	; 1
	355	[103]	NEWTABLE 	70 0 3
	356	[104]	SETTABLE 	70 -217 -218	; "label" "\238\157\173"
	357	[105]	SETTABLE 	70 -179 -180	; "width" 1.5
	358	[106]	SETTABLE 	70 -219 -220	; "bold" false
	359	[108]	SETLIST  	61 9 1	; 1
	360	[108]	NEWTABLE 	62 7 0
	361	[110]	NEWTABLE 	63 8 1
	362	[111]	LOADK    	64 -69	; "Sym"
	363	[111]	LOADK    	65 -69	; "Sym"
	364	[111]	LOADK    	66 -70	; "ABC"
	365	[111]	LOADK    	67 -70	; "ABC"
	366	[111]	LOADK    	68 -69	; "Sym"
	367	[111]	LOADK    	69 -69	; "Sym"
	368	[111]	LOADK    	70 -70	; "ABC"
	369	[111]	LOADK    	71 -70	; "ABC"
	370	[112]	SETTABLE 	63 -179 -180	; "width" 1.5
	371	[112]	SETLIST  	63 8 1	; 1
	372	[112]	NEWTABLE 	64 0 1
	373	[113]	SETTABLE 	64 -217 -72	; "label" "\240\159\140\144"
	374	[113]	NEWTABLE 	65 8 0
	375	[114]	LOADK    	66 -74	; "\195\132\195\169\195\159"
	376	[114]	LOADK    	67 -74	; "\195\132\195\169\195\159"
	377	[114]	LOADK    	68 -74	; "\195\132\195\169\195\159"
	378	[114]	LOADK    	69 -74	; "\195\132\195\169\195\159"
	379	[114]	LOADK    	70 -74	; "\195\132\195\169\195\159"
	380	[114]	LOADK    	71 -74	; "\195\132\195\169\195\159"
	381	[114]	LOADK    	72 -74	; "\195\132\195\169\195\159"
	382	[114]	LOADK    	73 -74	; "\195\132\195\169\195\159"
	383	[114]	SETLIST  	65 8 1	; 1
	384	[114]	NEWTABLE 	66 8 2
	385	[115]	SETTABLE 	66 -217 -221	; "label" "space"
	386	[116]	LOADK    	67 -222	; " "
	387	[116]	LOADK    	68 -222	; " "
	388	[116]	LOADK    	69 -222	; " "
	389	[116]	LOADK    	70 -222	; " "
	390	[116]	LOADK    	71 -222	; " "
	391	[116]	LOADK    	72 -222	; " "
	392	[116]	LOADK    	73 -222	; " "
	393	[116]	LOADK    	74 -222	; " "
	394	[117]	SETTABLE 	66 -179 -223	; "width" 3
	395	[117]	SETLIST  	66 8 1	; 1
	396	[117]	NEWTABLE 	67 8 0
	397	[118]	MOVE     	68 1
	398	[118]	MOVE     	69 1
	399	[118]	LOADK    	70 -224	; "\226\128\156"
	400	[118]	LOADK    	71 -225	; "\226\134\144"
	401	[118]	LOADK    	72 -226	; "\197\168"
	402	[118]	LOADK    	73 -227	; "\197\169"
	403	[118]	MOVE     	74 1
	404	[118]	MOVE     	75 1
	405	[118]	SETLIST  	67 8 1	; 1
	406	[118]	NEWTABLE 	68 8 0
	407	[119]	MOVE     	69 2
	408	[119]	MOVE     	70 2
	409	[119]	LOADK    	71 -228	; "\226\128\157"
	410	[119]	LOADK    	72 -229	; "\226\134\146"
	411	[119]	LOADK    	73 -230	; "\196\168"
	412	[119]	LOADK    	74 -231	; "\196\169"
	413	[119]	MOVE     	75 2
	414	[119]	MOVE     	76 2
	415	[119]	SETLIST  	68 8 1	; 1
	416	[119]	NEWTABLE 	69 8 3
	417	[120]	SETTABLE 	69 -217 -232	; "label" "\226\174\160"
	418	[121]	LOADK    	70 -233	; "\n"
	419	[121]	LOADK    	71 -233	; "\n"
	420	[121]	LOADK    	72 -233	; "\n"
	421	[121]	LOADK    	73 -233	; "\n"
	422	[121]	LOADK    	74 -233	; "\n"
	423	[121]	LOADK    	75 -233	; "\n"
	424	[121]	LOADK    	76 -233	; "\n"
	425	[121]	LOADK    	77 -233	; "\n"
	426	[122]	SETTABLE 	69 -179 -180	; "width" 1.5
	427	[123]	SETTABLE 	69 -219 -65	; "bold" true
	428	[124]	SETLIST  	69 8 1	; 1
	429	[125]	SETLIST  	62 7 1	; 1
	430	[126]	SETLIST  	58 4 1	; 1
	431	[126]	SETTABLE 	57 -75 58	; "keys" -
	432	[127]	RETURN   	57 2
	433	[127]	RETURN   	0 1
