
main <./frontend/ui/data/keyboardlayouts/ro_keyboard.lua:0,0> (395 instructions, 1580 bytes at 0x7f8f32406900)
0+ params, 37 slots, 0 upvalues, 16 locals, 233 constants, 0 functions
	1	[1]	GETGLOBAL	0 -1	; require
	2	[1]	LOADK    	1 -2	; "ui/data/keyboardlayouts/keypopup/en_popup"
	3	[1]	CALL     	0 2 2
	4	[2]	GETGLOBAL	1 -1	; require
	5	[2]	LOADK    	2 -3	; "ui/data/keyboardlayouts/keypopup/ro_popup"
	6	[2]	CALL     	1 2 2
	7	[3]	GETTABLE 	2 0 -4	; "com"
	8	[4]	GETTABLE 	3 0 -5	; "prd"
	9	[5]	GETTABLE 	4 0 -6	; "_at"
	10	[6]	GETTABLE 	5 0 -7	; "_eq"
	11	[7]	GETTABLE 	6 1 -8	; "_A_"
	12	[8]	GETTABLE 	7 1 -9	; "_a_"
	13	[9]	GETTABLE 	8 1 -10	; "_I_"
	14	[10]	GETTABLE 	9 1 -11	; "_i_"
	15	[11]	GETTABLE 	10 1 -12	; "_S_"
	16	[12]	GETTABLE 	11 1 -13	; "_s_"
	17	[13]	GETTABLE 	12 1 -14	; "_T_"
	18	[14]	GETTABLE 	13 1 -15	; "_t_"
	19	[15]	GETTABLE 	14 1 -16	; "_U_"
	20	[16]	GETTABLE 	15 1 -17	; "_u_"
	21	[18]	NEWTABLE 	16 0 7
	22	[19]	SETTABLE 	16 -18 -19	; "min_layer" 1
	23	[20]	SETTABLE 	16 -20 -21	; "max_layer" 8
	24	[21]	NEWTABLE 	17 0 3
	25	[21]	SETTABLE 	17 -23 -24	; "\238\180\181" true
	26	[21]	SETTABLE 	17 -25 -24	; "1/2" true
	27	[21]	SETTABLE 	17 -26 -24	; "2/2" true
	28	[21]	SETTABLE 	16 -22 17	; "shiftmode_keys" -
	29	[22]	NEWTABLE 	17 0 3
	30	[22]	SETTABLE 	17 -28 -24	; "123" true
	31	[22]	SETTABLE 	17 -29 -24	; "ABC" true
	32	[22]	SETTABLE 	17 -30 -24	; "alt" true
	33	[22]	SETTABLE 	16 -27 17	; "symbolmode_keys" -
	34	[23]	NEWTABLE 	17 0 1
	35	[23]	SETTABLE 	17 -32 -24	; "\240\159\140\144" true
	36	[23]	SETTABLE 	16 -31 17	; "utf8mode_keys" -
	37	[24]	NEWTABLE 	17 0 1
	38	[24]	SETTABLE 	17 -34 -24	; "\195\142\200\153\200\155" true
	39	[24]	SETTABLE 	16 -33 17	; "umlautmode_keys" -
	40	[25]	NEWTABLE 	17 4 0
	41	[25]	NEWTABLE 	18 10 0
	42	[27]	NEWTABLE 	19 8 0
	43	[28]	LOADK    	20 -36	; "Q"
	44	[28]	LOADK    	21 -37	; "q"
	45	[28]	LOADK    	22 -38	; "\226\128\158"
	46	[28]	LOADK    	23 -39	; "0"
	47	[28]	LOADK    	24 -40	; "\211\129"
	48	[28]	LOADK    	25 -41	; "\211\130"
	49	[28]	LOADK    	26 -42	; "1"
	50	[28]	LOADK    	27 -43	; "\194\170"
	51	[28]	SETLIST  	19 8 1	; 1
	52	[28]	NEWTABLE 	20 8 0
	53	[29]	LOADK    	21 -44	; "W"
	54	[29]	LOADK    	22 -45	; "w"
	55	[29]	LOADK    	23 -46	; "!"
	56	[29]	LOADK    	24 -42	; "1"
	57	[29]	LOADK    	25 -47	; "\208\143"
	58	[29]	LOADK    	26 -48	; "\209\159"
	59	[29]	LOADK    	27 -49	; "2"
	60	[29]	LOADK    	28 -50	; "\194\186"
	61	[29]	SETLIST  	20 8 1	; 1
	62	[29]	NEWTABLE 	21 8 0
	63	[30]	LOADK    	22 -51	; "E"
	64	[30]	LOADK    	23 -52	; "e"
	65	[30]	MOVE     	24 4
	66	[30]	LOADK    	25 -49	; "2"
	67	[30]	LOADK    	26 -53	; "\209\170"
	68	[30]	LOADK    	27 -54	; "\209\171"
	69	[30]	LOADK    	28 -55	; "3"
	70	[30]	LOADK    	29 -56	; "\194\161"
	71	[30]	SETLIST  	21 8 1	; 1
	72	[30]	NEWTABLE 	22 8 0
	73	[31]	LOADK    	23 -57	; "R"
	74	[31]	LOADK    	24 -58	; "r"
	75	[31]	LOADK    	25 -59	; "#"
	76	[31]	LOADK    	26 -55	; "3"
	77	[31]	LOADK    	27 -60	; "\234\153\158"
	78	[31]	LOADK    	28 -61	; "\234\153\159"
	79	[31]	LOADK    	29 -62	; "4"
	80	[31]	LOADK    	30 -63	; "\194\191"
	81	[31]	SETLIST  	22 8 1	; 1
	82	[31]	NEWTABLE 	23 8 0
	83	[32]	MOVE     	24 12
	84	[32]	MOVE     	25 13
	85	[32]	LOADK    	26 -64	; "+"
	86	[32]	MOVE     	27 5
	87	[32]	LOADK    	28 -65	; "\209\166"
	88	[32]	LOADK    	29 -66	; "\209\167"
	89	[32]	LOADK    	30 -67	; "5"
	90	[32]	LOADK    	31 -68	; "\194\188"
	91	[32]	SETLIST  	23 8 1	; 1
	92	[32]	NEWTABLE 	24 8 0
	93	[33]	LOADK    	25 -69	; "Y"
	94	[33]	LOADK    	26 -70	; "y"
	95	[33]	LOADK    	27 -71	; "\226\130\172"
	96	[33]	LOADK    	28 -72	; "("
	97	[33]	LOADK    	29 -73	; "\195\148"
	98	[33]	LOADK    	30 -74	; "\195\180"
	99	[33]	LOADK    	31 -75	; "6"
	100	[33]	LOADK    	32 -76	; "\194\189"
	101	[33]	SETLIST  	24 8 1	; 1
	102	[33]	NEWTABLE 	25 8 0
	103	[34]	MOVE     	26 14
	104	[34]	MOVE     	27 15
	105	[34]	LOADK    	28 -77	; "\226\128\176"
	106	[34]	LOADK    	29 -78	; ")"
	107	[34]	LOADK    	30 -79	; "\225\184\144"
	108	[34]	LOADK    	31 -80	; "\225\184\145"
	109	[34]	LOADK    	32 -81	; "7"
	110	[34]	LOADK    	33 -82	; "\194\190"
	111	[34]	SETLIST  	25 8 1	; 1
	112	[34]	NEWTABLE 	26 8 0
	113	[35]	MOVE     	27 8
	114	[35]	MOVE     	28 9
	115	[35]	LOADK    	29 -83	; "|"
	116	[35]	LOADK    	30 -84	; "\\"
	117	[35]	LOADK    	31 -85	; "\196\148"
	118	[35]	LOADK    	32 -86	; "\196\149"
	119	[35]	LOADK    	33 -87	; "8"
	120	[35]	LOADK    	34 -88	; "\194\169"
	121	[35]	SETLIST  	26 8 1	; 1
	122	[35]	NEWTABLE 	27 8 0
	123	[36]	LOADK    	28 -89	; "O"
	124	[36]	LOADK    	29 -90	; "o"
	125	[36]	LOADK    	30 -91	; "?"
	126	[36]	LOADK    	31 -92	; "/"
	127	[36]	LOADK    	32 -93	; "\196\130"
	128	[36]	LOADK    	33 -94	; "\196\131"
	129	[36]	LOADK    	34 -95	; "9"
	130	[36]	LOADK    	35 -96	; "\194\174"
	131	[36]	SETLIST  	27 8 1	; 1
	132	[36]	NEWTABLE 	28 8 0
	133	[37]	LOADK    	29 -97	; "P"
	134	[37]	LOADK    	30 -98	; "p"
	135	[37]	LOADK    	31 -99	; "~"
	136	[37]	LOADK    	32 -100	; "`"
	137	[37]	LOADK    	33 -101	; "\195\142"
	138	[37]	LOADK    	34 -102	; "\195\174"
	139	[37]	LOADK    	35 -39	; "0"
	140	[37]	LOADK    	36 -103	; "\226\132\162"
	141	[37]	SETLIST  	28 8 1	; 1
	142	[38]	SETLIST  	18 10 1	; 1
	143	[38]	NEWTABLE 	19 9 0
	144	[40]	NEWTABLE 	20 8 0
	145	[41]	MOVE     	21 6
	146	[41]	MOVE     	22 7
	147	[41]	LOADK    	23 -104	; "\226\128\166"
	148	[41]	MOVE     	24 4
	149	[41]	LOADK    	25 -105	; "\208\135"
	150	[41]	LOADK    	26 -106	; "\209\151"
	151	[41]	LOADK    	27 -107	; "\194\171"
	152	[41]	LOADK    	28 -107	; "\194\171"
	153	[41]	SETLIST  	20 8 1	; 1
	154	[41]	NEWTABLE 	21 8 0
	155	[42]	MOVE     	22 10
	156	[42]	MOVE     	23 11
	157	[42]	LOADK    	24 -108	; "$"
	158	[42]	LOADK    	25 -62	; "4"
	159	[42]	LOADK    	26 -109	; "\209\160"
	160	[42]	LOADK    	27 -110	; "\209\161"
	161	[42]	LOADK    	28 -111	; "\194\187"
	162	[42]	LOADK    	29 -111	; "\194\187"
	163	[42]	SETLIST  	21 8 1	; 1
	164	[42]	NEWTABLE 	22 8 0
	165	[43]	LOADK    	23 -112	; "D"
	166	[43]	LOADK    	24 -113	; "d"
	167	[43]	LOADK    	25 -114	; "%"
	168	[43]	LOADK    	26 -67	; "5"
	169	[43]	LOADK    	27 -115	; "\208\132"
	170	[43]	LOADK    	28 -116	; "\209\148"
	171	[43]	LOADK    	29 -117	; "\199\166"
	172	[43]	LOADK    	30 -118	; "\199\167"
	173	[43]	SETLIST  	22 8 1	; 1
	174	[43]	NEWTABLE 	23 8 0
	175	[44]	LOADK    	24 -119	; "F"
	176	[44]	LOADK    	25 -120	; "f"
	177	[44]	LOADK    	26 -121	; "^"
	178	[44]	LOADK    	27 -75	; "6"
	179	[44]	LOADK    	28 -122	; "\234\153\138"
	180	[44]	LOADK    	29 -123	; "\234\153\139"
	181	[44]	LOADK    	30 -124	; "\196\134"
	182	[44]	LOADK    	31 -125	; "\196\135"
	183	[44]	SETLIST  	23 8 1	; 1
	184	[44]	NEWTABLE 	24 8 0
	185	[45]	LOADK    	25 -126	; "G"
	186	[45]	LOADK    	26 -127	; "g"
	187	[45]	LOADK    	27 -128	; ":"
	188	[45]	LOADK    	28 -129	; ";"
	189	[45]	LOADK    	29 -130	; "\195\155"
	190	[45]	LOADK    	30 -131	; "\195\187"
	191	[45]	LOADK    	31 -132	; "\196\140"
	192	[45]	LOADK    	32 -133	; "\196\141"
	193	[45]	SETLIST  	24 8 1	; 1
	194	[45]	NEWTABLE 	25 8 0
	195	[46]	LOADK    	26 -134	; "H"
	196	[46]	LOADK    	27 -135	; "h"
	197	[46]	LOADK    	28 -136	; "\""
	198	[46]	LOADK    	29 -137	; "'"
	199	[46]	LOADK    	30 -138	; "\195\138"
	200	[46]	LOADK    	31 -139	; "\195\170"
	201	[46]	LOADK    	32 -140	; "\196\144"
	202	[46]	LOADK    	33 -141	; "\196\145"
	203	[46]	SETLIST  	25 8 1	; 1
	204	[46]	NEWTABLE 	26 8 0
	205	[47]	LOADK    	27 -142	; "J"
	206	[47]	LOADK    	28 -143	; "j"
	207	[47]	LOADK    	29 -144	; "{"
	208	[47]	LOADK    	30 -145	; "["
	209	[47]	LOADK    	31 -146	; "\200\152"
	210	[47]	LOADK    	32 -147	; "\200\153"
	211	[47]	LOADK    	33 -148	; "\197\160"
	212	[47]	LOADK    	34 -149	; "\197\161"
	213	[47]	SETLIST  	26 8 1	; 1
	214	[47]	NEWTABLE 	27 8 0
	215	[48]	LOADK    	28 -150	; "K"
	216	[48]	LOADK    	29 -151	; "k"
	217	[48]	LOADK    	30 -152	; "}"
	218	[48]	LOADK    	31 -153	; "]"
	219	[48]	LOADK    	32 -154	; "\200\154"
	220	[48]	LOADK    	33 -155	; "\200\155"
	221	[48]	LOADK    	34 -156	; "\197\189"
	222	[48]	LOADK    	35 -157	; "\197\190"
	223	[48]	SETLIST  	27 8 1	; 1
	224	[48]	NEWTABLE 	28 8 0
	225	[49]	LOADK    	29 -158	; "L"
	226	[49]	LOADK    	30 -159	; "l"
	227	[49]	LOADK    	31 -160	; "_"
	228	[49]	LOADK    	32 -161	; "-"
	229	[49]	LOADK    	33 -162	; "\195\130"
	230	[49]	LOADK    	34 -163	; "\195\162"
	231	[49]	LOADK    	35 -164	; "\194\167"
	232	[49]	LOADK    	36 -164	; "\194\167"
	233	[49]	SETLIST  	28 8 1	; 1
	234	[50]	SETLIST  	19 9 1	; 1
	235	[50]	NEWTABLE 	20 9 0
	236	[52]	NEWTABLE 	21 8 1
	237	[53]	LOADK    	22 -23	; "\238\180\181"
	238	[53]	LOADK    	23 -23	; "\238\180\181"
	239	[53]	LOADK    	24 -26	; "2/2"
	240	[53]	LOADK    	25 -25	; "1/2"
	241	[53]	LOADK    	26 -23	; "\238\180\181"
	242	[53]	LOADK    	27 -23	; "\238\180\181"
	243	[53]	LOADK    	28 -23	; "\238\180\181"
	244	[53]	LOADK    	29 -23	; "\238\180\181"
	245	[54]	SETTABLE 	21 -165 -166	; "width" 1.5
	246	[55]	SETLIST  	21 8 1	; 1
	247	[55]	NEWTABLE 	22 8 0
	248	[56]	LOADK    	23 -167	; "Z"
	249	[56]	LOADK    	24 -168	; "z"
	250	[56]	LOADK    	25 -169	; "&"
	251	[56]	LOADK    	26 -81	; "7"
	252	[56]	LOADK    	27 -170	; "\209\162"
	253	[56]	LOADK    	28 -171	; "\209\163"
	254	[56]	LOADK    	29 -172	; "\197\176"
	255	[56]	LOADK    	30 -173	; "\197\177"
	256	[56]	SETLIST  	22 8 1	; 1
	257	[56]	NEWTABLE 	23 8 0
	258	[57]	LOADK    	24 -174	; "X"
	259	[57]	LOADK    	25 -175	; "x"
	260	[57]	LOADK    	26 -176	; "*"
	261	[57]	LOADK    	27 -87	; "8"
	262	[57]	LOADK    	28 -177	; "\209\168"
	263	[57]	LOADK    	29 -178	; "\209\169"
	264	[57]	LOADK    	30 -179	; "\195\131"
	265	[57]	LOADK    	31 -180	; "\195\163"
	266	[57]	SETLIST  	23 8 1	; 1
	267	[57]	NEWTABLE 	24 8 0
	268	[58]	LOADK    	25 -181	; "C"
	269	[58]	LOADK    	26 -182	; "c"
	270	[58]	LOADK    	27 -183	; "\194\163"
	271	[58]	LOADK    	28 -95	; "9"
	272	[58]	LOADK    	29 -184	; "\209\164"
	273	[58]	LOADK    	30 -185	; "\209\165"
	274	[58]	LOADK    	31 -186	; "\195\158"
	275	[58]	LOADK    	32 -187	; "\195\190"
	276	[58]	SETLIST  	24 8 1	; 1
	277	[58]	NEWTABLE 	25 8 0
	278	[59]	LOADK    	26 -188	; "V"
	279	[59]	LOADK    	27 -189	; "v"
	280	[59]	LOADK    	28 -190	; "<"
	281	[59]	MOVE     	29 2
	282	[59]	LOADK    	30 -191	; "\195\147"
	283	[59]	LOADK    	31 -192	; "\195\179"
	284	[59]	LOADK    	32 -193	; "\195\157"
	285	[59]	LOADK    	33 -194	; "\195\189"
	286	[59]	SETLIST  	25 8 1	; 1
	287	[59]	NEWTABLE 	26 8 0
	288	[60]	LOADK    	27 -195	; "B"
	289	[60]	LOADK    	28 -196	; "b"
	290	[60]	LOADK    	29 -197	; ">"
	291	[60]	MOVE     	30 3
	292	[60]	LOADK    	31 -198	; "\195\137"
	293	[60]	LOADK    	32 -199	; "\195\169"
	294	[60]	LOADK    	33 -200	; "\226\128\160"
	295	[60]	LOADK    	34 -201	; "\226\128\161"
	296	[60]	SETLIST  	26 8 1	; 1
	297	[60]	NEWTABLE 	27 8 0
	298	[61]	LOADK    	28 -202	; "N"
	299	[61]	LOADK    	29 -203	; "n"
	300	[61]	LOADK    	30 -204	; "\226\128\152"
	301	[61]	LOADK    	31 -205	; "\226\134\145"
	302	[61]	LOADK    	32 -206	; "\197\172"
	303	[61]	LOADK    	33 -207	; "\197\173"
	304	[61]	LOADK    	34 -208	; "\226\128\147"
	305	[61]	LOADK    	35 -209	; "\226\128\148"
	306	[61]	SETLIST  	27 8 1	; 1
	307	[61]	NEWTABLE 	28 8 0
	308	[62]	LOADK    	29 -210	; "M"
	309	[62]	LOADK    	30 -211	; "m"
	310	[62]	LOADK    	31 -212	; "\226\128\153"
	311	[62]	LOADK    	32 -213	; "\226\134\147"
	312	[62]	LOADK    	33 -214	; "\196\172"
	313	[62]	LOADK    	34 -215	; "\196\173"
	314	[62]	LOADK    	35 -104	; "\226\128\166"
	315	[62]	LOADK    	36 -216	; "\194\168"
	316	[62]	SETLIST  	28 8 1	; 1
	317	[62]	NEWTABLE 	29 0 3
	318	[63]	SETTABLE 	29 -217 -218	; "label" "\238\157\173"
	319	[64]	SETTABLE 	29 -165 -166	; "width" 1.5
	320	[65]	SETTABLE 	29 -219 -220	; "bold" false
	321	[67]	SETLIST  	20 9 1	; 1
	322	[67]	NEWTABLE 	21 7 0
	323	[69]	NEWTABLE 	22 8 1
	324	[70]	LOADK    	23 -28	; "123"
	325	[70]	LOADK    	24 -28	; "123"
	326	[70]	LOADK    	25 -29	; "ABC"
	327	[70]	LOADK    	26 -29	; "ABC"
	328	[70]	LOADK    	27 -30	; "alt"
	329	[70]	LOADK    	28 -30	; "alt"
	330	[70]	LOADK    	29 -29	; "ABC"
	331	[70]	LOADK    	30 -29	; "ABC"
	332	[71]	SETTABLE 	22 -165 -166	; "width" 1.5
	333	[71]	SETLIST  	22 8 1	; 1
	334	[71]	NEWTABLE 	23 0 1
	335	[72]	SETTABLE 	23 -217 -32	; "label" "\240\159\140\144"
	336	[72]	NEWTABLE 	24 8 0
	337	[73]	LOADK    	25 -34	; "\195\142\200\153\200\155"
	338	[73]	LOADK    	26 -34	; "\195\142\200\153\200\155"
	339	[73]	LOADK    	27 -34	; "\195\142\200\153\200\155"
	340	[73]	LOADK    	28 -34	; "\195\142\200\153\200\155"
	341	[73]	LOADK    	29 -34	; "\195\142\200\153\200\155"
	342	[73]	LOADK    	30 -34	; "\195\142\200\153\200\155"
	343	[73]	LOADK    	31 -34	; "\195\142\200\153\200\155"
	344	[73]	LOADK    	32 -34	; "\195\142\200\153\200\155"
	345	[73]	SETLIST  	24 8 1	; 1
	346	[73]	NEWTABLE 	25 8 2
	347	[74]	SETTABLE 	25 -217 -221	; "label" "spa\200\155iu"
	348	[75]	LOADK    	26 -222	; " "
	349	[75]	LOADK    	27 -222	; " "
	350	[75]	LOADK    	28 -222	; " "
	351	[75]	LOADK    	29 -222	; " "
	352	[75]	LOADK    	30 -222	; " "
	353	[75]	LOADK    	31 -222	; " "
	354	[75]	LOADK    	32 -222	; " "
	355	[75]	LOADK    	33 -222	; " "
	356	[76]	SETTABLE 	25 -165 -223	; "width" 3
	357	[76]	SETLIST  	25 8 1	; 1
	358	[76]	NEWTABLE 	26 8 0
	359	[77]	MOVE     	27 2
	360	[77]	MOVE     	28 2
	361	[77]	LOADK    	29 -224	; "\226\128\156"
	362	[77]	LOADK    	30 -225	; "\226\134\144"
	363	[77]	LOADK    	31 -226	; "\195\135"
	364	[77]	LOADK    	32 -227	; "\195\167"
	365	[77]	MOVE     	33 2
	366	[77]	MOVE     	34 2
	367	[77]	SETLIST  	26 8 1	; 1
	368	[77]	NEWTABLE 	27 8 0
	369	[78]	MOVE     	28 3
	370	[78]	MOVE     	29 3
	371	[78]	LOADK    	30 -228	; "\226\128\157"
	372	[78]	LOADK    	31 -229	; "\226\134\146"
	373	[78]	LOADK    	32 -230	; "\197\142"
	374	[78]	LOADK    	33 -231	; "\197\143"
	375	[78]	MOVE     	34 3
	376	[78]	MOVE     	35 3
	377	[78]	SETLIST  	27 8 1	; 1
	378	[78]	NEWTABLE 	28 8 3
	379	[79]	SETTABLE 	28 -217 -232	; "label" "\226\174\160"
	380	[80]	LOADK    	29 -233	; "\n"
	381	[80]	LOADK    	30 -233	; "\n"
	382	[80]	LOADK    	31 -233	; "\n"
	383	[80]	LOADK    	32 -233	; "\n"
	384	[80]	LOADK    	33 -233	; "\n"
	385	[80]	LOADK    	34 -233	; "\n"
	386	[80]	LOADK    	35 -233	; "\n"
	387	[80]	LOADK    	36 -233	; "\n"
	388	[81]	SETTABLE 	28 -165 -166	; "width" 1.5
	389	[82]	SETTABLE 	28 -219 -24	; "bold" true
	390	[83]	SETLIST  	28 8 1	; 1
	391	[84]	SETLIST  	21 7 1	; 1
	392	[85]	SETLIST  	17 4 1	; 1
	393	[85]	SETTABLE 	16 -35 17	; "keys" -
	394	[86]	RETURN   	16 2
	395	[86]	RETURN   	0 1
